# line_wavelenght (micron) eq_widths_angstrom  fwhm

7.459   31.45   0.053
7.501   8.03    0.053
7.507   3.54    0.053
10.511  46.     0.1
10.802  3.      0.1
10.881  6.      0.1
11.307  15.     0.1
11.537  3.      0.1
12.370  84.     0.1 
12.385  4.      0.1
12.585  12.     0.1
12.813  14.     0.1
13.939  6.      0.1
14.181  9.      0.1
14.960  11.     0.14     
15.555  125.    0.14
16.206  46.     0.14
16.409  12.     0.14
16.878  22.     0.14
17.605  22.     0.14
18.612  12.     0.14
18.975  1.      0.14
19.059  104.    0.14
20.511  19.     0.14
20.917  29.     0.34
21.838  17.     0.34
22.33   90.     0.34
23.629  31.     0.34
23.864  52.     0.34
26.164  31.     0.34
26.677  21.     0.34
27.798  241.    0.34
28.826  21.     0.34
28.967  27.     0.34
29.834  89.     0.34
30.005  54.     0.34
32.161  20.     0.34
32.204  23.     0.34
35.034  9.      0.34
36.464  41.     0.34
