# Kurucz ODFNEW /NOVER models
# teff = 13000 K (value for the effective temperature for the model. Temperatures are given in K)
# logg = 2.50 log(cm/s2) (value for Log(G) for the model.)
# meta = 0.2  (value for the Metallicity for the model.)
# lh = 1.25  (l/Hp where l is the  mixing length of the convective element and Hp is the pressure scale height)
# vtur = 2.0 km/s (Microturbulence velocity)
#
# column 1: WAVELENGTH (ANGSTROM), Wavelength in Angstrom
# column 2: FLUX (ERG/CM2/S/A), Flux in erg/cm2/s/A
              0               0 
           90.9               0 
           93.5               0 
           96.1               0 
           97.7               0 
           99.6               0 
            102               0 
          103.8               0 
          105.6               0 
          107.7               0 
          110.4               0 
            114               0 
          117.8               0 
          121.3               0 
          124.8               0 
          127.1               0 
          128.4               0 
          130.5               0 
          132.4               0 
          133.9               0 
          136.6               0 
          139.8               0 
          143.3               0 
          147.2               0 
            151               0 
          155.2               0 
          158.8               0 
            162               0 
            166               0 
          170.3               0 
          173.4               0 
          176.8               0 
          180.2               0 
          181.7               0 
          186.1               0 
            191               0 
          193.9               0 
          198.4               0 
          201.8               0 
            205               0 
          210.5               0 
          216.2               0 
          219.8     4.75255e-23 
            223     1.78695e-22 
          226.8     6.65407e-22 
            230     1.90459e-21 
            234     6.73547e-21 
            240     4.16085e-20 
          246.5      2.7382e-19 
          252.4     1.40483e-18 
          256.8     4.54977e-18 
            260     1.04576e-17 
            264     2.88245e-17 
          268.5     8.69446e-17 
          273.5      2.8472e-16 
          278.5     8.98667e-16 
            284     3.03888e-15 
            290     1.09055e-14 
            296     3.71449e-14 
            301     9.96786e-14 
            308      3.7656e-13 
            318      2.2737e-12 
            328     1.23089e-11 
            338     6.02733e-11 
            348     2.69252e-10 
            357      9.6854e-10 
            366      3.24909e-9 
            375       1.0253e-8 
            385        3.451e-8 
            395      1.08906e-7 
            405      3.24444e-7 
            414       8.2687e-7 
            422      1.83349e-6 
            430      3.94089e-6 
            441       1.0778e-5 
            451      2.57042e-5 
            460      5.43305e-5 
            470      0.00012047 
            480     0.000257907 
            490     0.000534359 
            500      0.00107316 
            506       0.0397909 
            512        0.145939 
            520        0.219894 
            530        0.366041 
            540        0.537798 
            550        0.933632 
            560         1.43208 
            570         2.18687 
            580         3.21599 
            590         5.21231 
            600         7.58043 
            610         11.0751 
            620         15.2103 
            630         21.1411 
            640         28.1398 
            650         38.6762 
            658         49.4942 
            665         58.9863 
            675         77.9424 
            685         102.937 
            695         135.483 
            705         173.553 
            716         226.094 
            726         289.869 
            735         350.736 
            745         447.869 
            755         561.223 
            765         696.586 
            775          867.21 
            785         1072.13 
            795         1289.59 
            805         1569.94 
            815          1873.6 
            825         2259.14 
            835         2662.41 
            845         3198.52 
            855         3823.28 
            865         4531.12 
            875         5345.69 
            885         6355.45 
            895         7397.98 
            905         8342.08 
            915          174424 
            925      1.31209e+6 
            935      3.17666e+6 
            945      1.52489e+7 
            955      3.50931e+7 
            965      4.98735e+7 
            975      1.10642e+7 
            985      5.35336e+7 
            995      5.44342e+7 
           1005      7.02381e+7 
           1015      8.08402e+7 
           1025      2.03406e+7 
           1035      2.78191e+7 
           1045      1.10553e+8 
           1055      1.27852e+8 
           1065      1.01152e+8 
           1075      1.46982e+8 
           1085      1.16556e+8 
           1095      1.63813e+8 
           1105      1.71864e+8 
           1115      2.51097e+8 
           1125       2.3928e+8 
           1135      3.68301e+8 
           1145      3.39425e+8 
           1155      4.05274e+8 
           1165      4.56527e+8 
           1175      3.82373e+8 
           1185      3.83914e+8 
           1195      4.66315e+7 
           1205      5.24403e+7 
           1215      1.29225e+7 
           1225      1.53311e+8 
           1235      4.86959e+8 
           1245      6.54066e+8 
           1255      6.70354e+8 
           1265      4.32097e+8 
           1275      6.56324e+8 
           1285      7.66728e+8 
           1295      4.13612e+8 
           1305      2.45944e+8 
           1315      6.37374e+8 
           1325      6.86564e+8 
           1335      4.47875e+8 
           1345      7.72358e+8 
           1355      7.51727e+8 
           1365      6.04475e+8 
           1375      6.95426e+8 
           1385      7.12523e+8 
           1395      6.69221e+8 
           1405      6.92611e+8 
           1415      6.33746e+8 
           1425        6.967e+8 
           1435      6.72533e+8 
           1442      7.44307e+8 
           1447      7.75263e+8 
           1455      7.51031e+8 
           1465      6.85976e+8 
           1475      6.65159e+8 
           1485      7.07891e+8 
           1495      7.29062e+8 
           1505      6.93177e+8 
           1512      6.07691e+8 
           1517       6.7379e+8 
           1525      6.38861e+8 
           1535      5.57944e+8 
           1545      6.35116e+8 
           1555      5.82164e+8 
           1565       5.7624e+8 
           1575      5.90132e+8 
           1585      6.50433e+8 
           1595      6.65446e+8 
           1605      6.30521e+8 
           1615      6.44791e+8 
           1625      5.87803e+8 
           1635      6.34019e+8 
           1645      6.42773e+8 
           1655      5.67978e+8 
           1665        6.324e+8 
           1672      4.85064e+8 
           1677      6.12317e+8 
           1685      6.73325e+8 
           1695      6.28176e+8 
           1705      5.83699e+8 
           1715      5.25743e+8 
           1725      5.27401e+8 
           1735      5.67918e+8 
           1745      5.63199e+8 
           1755      6.18981e+8 
           1765       5.3805e+8 
           1775      5.60642e+8 
           1785      5.82047e+8 
           1795      6.34391e+8 
           1805      6.26965e+8 
           1815      5.64668e+8 
           1825      5.75509e+8 
           1835      5.44606e+8 
           1845      4.98744e+8 
           1855      4.38419e+8 
           1865      4.68543e+8 
           1875      5.70997e+8 
           1885      5.15778e+8 
           1895      4.79128e+8 
           1905      5.21273e+8 
           1915      4.89123e+8 
           1925      4.87927e+8 
           1935      5.21717e+8 
           1945       5.2479e+8 
           1955      4.87133e+8 
           1967       5.5071e+8 
           1976       5.7109e+8 
           1984      5.29158e+8 
           1995       5.0334e+8 
           2005      5.30258e+8 
           2015       4.9324e+8 
           2025      5.39027e+8 
           2035      4.90086e+8 
           2045      5.19402e+8 
           2055      4.78685e+8 
           2065      4.88311e+8 
           2074      5.31112e+8 
           2078      4.87645e+8 
           2085      5.14345e+8 
           2095      4.78682e+8 
           2105      4.79017e+8 
           2115      4.85178e+8 
           2125      4.93153e+8 
           2135      4.37391e+8 
           2145      4.61351e+8 
           2155      4.88668e+8 
           2165      4.65212e+8 
           2175      4.56077e+8 
           2185      4.36612e+8 
           2195      4.66828e+8 
           2205       4.4944e+8 
           2215      4.17518e+8 
           2225      3.94374e+8 
           2235      4.36876e+8 
           2245      4.00094e+8 
           2255       3.8047e+8 
           2265       3.9751e+8 
           2275       4.1482e+8 
           2285      4.26197e+8 
           2295       4.0421e+8 
           2305       3.8321e+8 
           2315      3.60174e+8 
           2325      3.53869e+8 
           2335      3.32044e+8 
           2345      3.24573e+8 
           2355      3.51447e+8 
           2365      3.17888e+8 
           2375      3.27733e+8 
           2385      2.98127e+8 
           2395       3.3262e+8 
           2405      3.09596e+8 
           2415      3.19939e+8 
           2425      3.38112e+8 
           2435      3.20064e+8 
           2445      3.46845e+8 
           2455       3.3393e+8 
           2465      3.36658e+8 
           2475      3.19255e+8 
           2485      3.43376e+8 
           2495      3.31376e+8 
           2505      3.56099e+8 
           2513      3.16857e+8 
           2518      3.36223e+8 
           2525      3.11056e+8 
           2535      3.16881e+8 
           2545      3.02326e+8 
           2555       3.2195e+8 
           2565      3.14956e+8 
           2575      3.42099e+8 
           2585      3.32359e+8 
           2595       3.3473e+8 
           2605      3.17939e+8 
           2615       3.1513e+8 
           2625      3.25365e+8 
           2635       3.2725e+8 
           2645      3.49561e+8 
           2655      3.44021e+8 
           2665      3.17225e+8 
           2675      3.33642e+8 
           2685      3.25904e+8 
           2695      3.16425e+8 
           2705      3.25871e+8 
           2715      3.10804e+8 
           2725      3.12621e+8 
           2735      3.30416e+8 
           2745      2.88239e+8 
           2755      2.86746e+8 
           2765      2.95319e+8 
           2775       3.1096e+8 
           2785      3.12498e+8 
           2795      2.81978e+8 
           2805      2.99435e+8 
           2815      3.13361e+8 
           2825      3.12177e+8 
           2835      2.92845e+8 
           2845      2.84762e+8 
           2855       2.8664e+8 
           2865       2.9736e+8 
           2875      2.88755e+8 
           2885      2.93043e+8 
           2895      2.85637e+8 
           2910      3.03063e+8 
           2930      2.92879e+8 
           2950      2.89281e+8 
           2970      2.88131e+8 
           2990      2.85815e+8 
           3010      2.89909e+8 
           3030       2.8595e+8 
           3050      2.80131e+8 
           3070      2.75614e+8 
           3090      2.75861e+8 
           3110      2.67849e+8 
           3130      2.64464e+8 
           3150      2.64275e+8 
           3170      2.58983e+8 
           3190      2.49541e+8 
           3210      2.52009e+8 
           3230       2.4841e+8 
           3250      2.45737e+8 
           3270      2.43942e+8 
           3290        2.415e+8 
           3310      2.40334e+8 
           3330        2.356e+8 
           3350       2.3109e+8 
           3370      2.28564e+8 
           3390       2.2482e+8 
           3410      2.24543e+8 
           3430       2.2156e+8 
           3450       2.1886e+8 
           3470      2.15077e+8 
           3490      2.12814e+8 
           3510      2.11747e+8 
           3530      2.10243e+8 
           3550       2.0792e+8 
           3570      2.04802e+8 
           3590      2.01678e+8 
           3610       1.9962e+8 
           3630      1.96986e+8 
           3640      1.96608e+8 
           3650      1.95377e+8 
           3670      1.91888e+8 
           3690      1.86081e+8 
           3710      2.06779e+8 
           3730      2.27245e+8 
           3750      2.75934e+8 
           3770      2.75797e+8 
           3790      2.90729e+8 
           3810      3.07929e+8 
           3830      2.68739e+8 
           3850      3.09314e+8 
           3870        3.103e+8 
           3890      2.56604e+8 
           3910      3.05216e+8 
           3930      2.96483e+8 
           3950      2.97714e+8 
           3970      2.39267e+8 
           3990      2.87705e+8 
           4010      2.84631e+8 
           4030      2.75272e+8 
           4050      2.78692e+8 
           4070      2.71798e+8 
           4090      2.61331e+8 
           4110      2.25631e+8 
           4130      2.57045e+8 
           4150      2.56586e+8 
           4170      2.53329e+8 
           4190      2.51195e+8 
           4210      2.48538e+8 
           4230       2.4434e+8 
           4250      2.40544e+8 
           4270      2.35032e+8 
           4290      2.34565e+8 
           4310      2.30324e+8 
           4330      2.15241e+8 
           4350      1.93077e+8 
           4370      2.20827e+8 
           4390      2.15536e+8 
           4410      2.15755e+8 
           4430      2.11296e+8 
           4450      2.10353e+8 
           4470      2.04006e+8 
           4490      2.01931e+8 
           4510      2.01237e+8 
           4530       1.9783e+8 
           4550      1.94275e+8 
           4570      1.94075e+8 
           4590      1.89991e+8 
           4610      1.89056e+8 
           4630      1.84438e+8 
           4650      1.83761e+8 
           4670       1.8112e+8 
           4690       1.7927e+8 
           4710      1.74048e+8 
           4730      1.73624e+8 
           4750      1.71213e+8 
           4770      1.70708e+8 
           4790      1.68136e+8 
           4810      1.65177e+8 
           4830      1.62698e+8 
           4850      1.54328e+8 
           4870       1.3568e+8 
           4890      1.56989e+8 
           4910      1.55093e+8 
           4930      1.51261e+8 
           4950      1.51422e+8 
           4970      1.49927e+8 
           4990      1.47511e+8 
           5010      1.42534e+8 
           5030       1.4267e+8 
           5050       1.3931e+8 
           5070      1.39751e+8 
           5090      1.37911e+8 
           5110      1.35661e+8 
           5130      1.34514e+8 
           5150      1.32017e+8 
           5170      1.30797e+8 
           5190      1.29588e+8 
           5210      1.26588e+8 
           5230      1.25904e+8 
           5250        1.251e+8 
           5270      1.22839e+8 
           5290      1.22734e+8 
           5310      1.20329e+8 
           5330      1.19551e+8 
           5350      1.17974e+8 
           5370      1.16927e+8 
           5390      1.15546e+8 
           5410      1.13931e+8 
           5430       1.1236e+8 
           5450      1.11388e+8 
           5470       1.0991e+8 
           5490       1.0902e+8 
           5510      1.07545e+8 
           5530      1.06553e+8 
           5550      1.05423e+8 
           5570      1.04156e+8 
           5590      1.03034e+8 
           5610      1.01982e+8 
           5630      1.01071e+8 
           5650      9.87978e+7 
           5670      9.80492e+7 
           5690      9.74113e+7 
           5710      9.65107e+7 
           5730      9.54365e+7 
           5750      9.43702e+7 
           5770      9.33506e+7 
           5790      9.21415e+7 
           5810      9.11768e+7 
           5830      9.01833e+7 
           5850      8.92275e+7 
           5870      8.69905e+7 
           5890       8.6899e+7 
           5910      8.62773e+7 
           5930      8.54972e+7 
           5950      8.39167e+7 
           5970      8.34568e+7 
           5990      8.23482e+7 
           6010      8.18457e+7 
           6030      8.09071e+7 
           6050      8.00344e+7 
           6070      7.91623e+7 
           6090      7.82671e+7 
           6110      7.75851e+7 
           6130      7.67337e+7 
           6150      7.53579e+7 
           6170      7.50623e+7 
           6190       7.4347e+7 
           6210      7.35583e+7 
           6230      7.26352e+7 
           6250      7.14286e+7 
           6270      7.12631e+7 
           6290      7.04545e+7 
           6310      6.95516e+7 
           6330      6.89951e+7 
           6350      6.75408e+7 
           6370      6.70852e+7 
           6390      6.68141e+7 
           6410      6.60596e+7 
           6430      6.56048e+7 
           6450      6.46877e+7 
           6470       6.4256e+7 
           6490      6.34679e+7 
           6510      6.27061e+7 
           6530      6.19905e+7 
           6550       5.9641e+7 
           6570      5.19106e+7 
           6590      5.98407e+7 
           6610      5.98074e+7 
           6630      5.92543e+7 
           6650      5.87332e+7 
           6670      5.78692e+7 
           6690      5.73377e+7 
           6710      5.69738e+7 
           6730      5.64227e+7 
           6750      5.58837e+7 
           6770      5.53651e+7 
           6790      5.47313e+7 
           6810      5.42438e+7 
           6830      5.36206e+7 
           6850      5.31868e+7 
           6870      5.26897e+7 
           6890      5.21963e+7 
           6910      5.16767e+7 
           6930      5.10442e+7 
           6950      5.07108e+7 
           6970      5.02443e+7 
           6990      4.97697e+7 
           7010      4.92622e+7 
           7030      4.88146e+7 
           7050      4.81781e+7 
           7070      4.75495e+7 
           7090      4.74832e+7 
           7110      4.69475e+7 
           7130      4.65236e+7 
           7150      4.61288e+7 
           7170      4.57019e+7 
           7190      4.53037e+7 
           7210      4.48924e+7 
           7230       4.4217e+7 
           7250      4.40035e+7 
           7270       4.3657e+7 
           7290      4.31533e+7 
           7310      4.28448e+7 
           7330       4.2462e+7 
           7350        4.211e+7 
           7370      4.17236e+7 
           7390      4.13435e+7 
           7410      4.09594e+7 
           7430       4.0514e+7 
           7450      4.01815e+7 
           7470      3.97309e+7 
           7490      3.94419e+7 
           7510      3.90732e+7 
           7530      3.87842e+7 
           7550      3.84433e+7 
           7570      3.81102e+7 
           7590      3.77475e+7 
           7610      3.74603e+7 
           7630      3.71152e+7 
           7650      3.67606e+7 
           7670      3.64539e+7 
           7690      3.61238e+7 
           7710      3.58027e+7 
           7730      3.54972e+7 
           7750      3.51902e+7 
           7770      3.44426e+7 
           7790      3.45838e+7 
           7810      3.43056e+7 
           7830      3.40028e+7 
           7850       3.3557e+7 
           7870      3.32878e+7 
           7890      3.29352e+7 
           7910      3.28285e+7 
           7930       3.2576e+7 
           7950      3.21644e+7 
           7970      3.20091e+7 
           7990      3.15139e+7 
           8010      3.14764e+7 
           8030      3.12009e+7 
           8050       3.0929e+7 
           8070      3.06841e+7 
           8090      3.04029e+7 
           8110      3.01432e+7 
           8130      2.99056e+7 
           8150       2.9658e+7 
           8170      2.94306e+7 
           8190       2.9141e+7 
           8210      2.87829e+7 
           8230      2.84908e+7 
           8250      2.84369e+7 
           8270      2.82258e+7 
           8290      2.79127e+7 
           8310       2.7737e+7 
           8330      2.74693e+7 
           8350      2.72093e+7 
           8370      2.68729e+7 
           8390       2.6669e+7 
           8410      2.63548e+7 
           8430      2.63518e+7 
           8450      2.59592e+7 
           8470      2.53058e+7 
           8490      2.64108e+7 
           8510       2.4746e+7 
           8530      2.64599e+7 
           8550      2.39816e+7 
           8570      2.64955e+7 
           8590      2.50265e+7 
           8610       2.4451e+7 
           8630      2.63722e+7 
           8650      2.58214e+7 
           8670      2.26357e+7 
           8690      2.58801e+7 
           8710      2.60012e+7 
           8730      2.54675e+7 
           8750      2.19511e+7 
           8770      2.47875e+7 
           8790      2.51946e+7 
           8810       2.5042e+7 
           8830      2.46755e+7 
           8850        2.372e+7 
           8870      2.11165e+7 
           8890      2.40843e+7 
           8910      2.40351e+7 
           8930      2.38033e+7 
           8950      2.37441e+7 
           8970      2.35363e+7 
           8990      2.31603e+7 
           9010      2.03944e+7 
           9030      2.17761e+7 
           9050      2.27218e+7 
           9070      2.24266e+7 
           9090      2.22724e+7 
           9110      2.22242e+7 
           9130      2.20556e+7 
           9150      2.19543e+7 
           9170      2.17139e+7 
           9190      2.14411e+7 
           9210      2.09732e+7 
           9230      1.80748e+7 
           9250      2.05404e+7 
           9270      2.05474e+7 
           9290      2.07218e+7 
           9310      2.06163e+7 
           9330      2.04411e+7 
           9350      2.03343e+7 
           9370      2.01759e+7 
           9390      2.00008e+7 
           9410      1.96636e+7 
           9430      1.97162e+7 
           9450      1.95919e+7 
           9470      1.94106e+7 
           9490      1.92845e+7 
           9510      1.90389e+7 
           9530      1.85485e+7 
           9550      1.61771e+7 
           9570      1.84612e+7 
           9590      1.85542e+7 
           9610      1.84257e+7 
           9630      1.81283e+7 
           9650      1.81867e+7 
           9670       1.8008e+7 
           9690      1.79117e+7 
           9710      1.77872e+7 
           9730      1.76632e+7 
           9750      1.75211e+7 
           9770      1.74119e+7 
           9790      1.72803e+7 
           9810      1.71485e+7 
           9830      1.70094e+7 
           9850      1.68953e+7 
           9870      1.67755e+7 
           9890      1.66295e+7 
           9910      1.65184e+7 
           9930      1.64187e+7 
           9950      1.63002e+7 
           9970      1.61826e+7 
           9990      1.60676e+7 
          10025      1.54327e+7 
          10075       1.4767e+7 
          10125      1.52051e+7 
          10175      1.50276e+7 
          10225       1.4787e+7 
          10275      1.45332e+7 
          10325      1.42641e+7 
          10375      1.40345e+7 
          10425      1.37987e+7 
          10475      1.35536e+7 
          10525      1.33133e+7 
          10575      1.31018e+7 
          10625      1.28873e+7 
          10675      1.26118e+7 
          10725       1.2445e+7 
          10775      1.22461e+7 
          10825      1.19763e+7 
          10875      1.18407e+7 
          10925      1.08648e+7 
          10975      1.13228e+7 
          11025      1.12643e+7 
          11075      1.10974e+7 
          11125      1.09163e+7 
          11175      1.07383e+7 
          11225       1.0569e+7 
          11275      1.03407e+7 
          11325      1.01917e+7 
          11375       1.0072e+7 
          11425      9.91159e+6 
          11475      9.76019e+6 
          11525      9.60703e+6 
          11575      9.45758e+6 
          11625      9.29276e+6 
          11675      9.14922e+6 
          11725      9.02067e+6 
          11775      8.84885e+6 
          11825      8.74749e+6 
          11875        8.608e+6 
          11925      8.48907e+6 
          11975      8.34634e+6 
          12025      8.23461e+6 
          12075       8.1105e+6 
          12125      7.98788e+6 
          12175      7.86979e+6 
          12225      7.75263e+6 
          12275      7.63634e+6 
          12325      7.52464e+6 
          12375      7.41552e+6 
          12425      7.30885e+6 
          12475      7.19034e+6 
          12525       7.0951e+6 
          12575      6.98639e+6 
          12625      6.89097e+6 
          12675      6.79498e+6 
          12725      6.69841e+6 
          12775      6.56366e+6 
          12825       6.0797e+6 
          12875      6.40279e+6 
          12925      6.32673e+6 
          12975      6.23397e+6 
          13025      6.15114e+6 
          13075      6.06516e+6 
          13125      5.98098e+6 
          13175      5.89011e+6 
          13225      5.81678e+6 
          13275      5.73692e+6 
          13325       5.6581e+6 
          13375      5.58091e+6 
          13425      5.50284e+6 
          13475      5.42846e+6 
          13525      5.35402e+6 
          13575      5.28294e+6 
          13625      5.21177e+6 
          13675      5.13868e+6 
          13725      5.07093e+6 
          13775      5.00737e+6 
          13825      4.94106e+6 
          13875      4.87597e+6 
          13925      4.81071e+6 
          13975      4.74799e+6 
          14025       4.6866e+6 
          14075      4.62505e+6 
          14125      4.56404e+6 
          14175      4.50657e+6 
          14225      4.44814e+6 
          14275      4.39115e+6 
          14325      4.33449e+6 
          14375      4.27867e+6 
          14425      4.21721e+6 
          14475      4.16888e+6 
          14525      4.11504e+6 
          14570      4.07157e+6 
          14620      4.01908e+6 
          14675      3.96574e+6 
          14725       3.9161e+6 
          14775      3.86549e+6 
          14825      3.82076e+6 
          14875      3.77301e+6 
          14925      3.72714e+6 
          14975      3.67926e+6 
          15025      3.63214e+6 
          15075       3.5842e+6 
          15125      3.53896e+6 
          15175       3.4954e+6 
          15225      3.46647e+6 
          15275      3.39875e+6 
          15325      3.35834e+6 
          15375      3.34625e+6 
          15425      3.25745e+6 
          15475      3.27496e+6 
          15525      3.24405e+6 
          15575      3.11736e+6 
          15625      3.19204e+6 
          15675      3.11343e+6 
          15725      3.01079e+6 
          15775      3.09104e+6 
          15825      3.05605e+6 
          15875      2.85968e+6 
          15925      2.97411e+6 
          15975      2.96394e+6 
          16050      2.90121e+6 
          16150      2.76168e+6 
          16250      2.78971e+6 
          16350      2.70778e+6 
          16450      2.57875e+6 
          16550      2.60504e+6 
          16650      2.54666e+6 
          16750      2.47096e+6 
          16850      2.35547e+6 
          16950       2.3789e+6 
          17050      2.32671e+6 
          17150      2.27801e+6 
          17250      2.22813e+6 
          17350      2.09752e+6 
          17450      2.12897e+6 
          17550      2.08827e+6 
          17650      2.04435e+6 
          17750      2.00046e+6 
          17850      1.95919e+6 
          17950      1.91942e+6 
          18050      1.87589e+6 
          18150      1.77545e+6 
          18250      1.79349e+6 
          18350      1.76571e+6 
          18450      1.73014e+6 
          18550       1.6938e+6 
          18650      1.65748e+6 
          18750      1.56859e+6 
          18850      1.59408e+6 
          18950      1.56356e+6 
          19050      1.53234e+6 
          19150      1.50313e+6 
          19250      1.47363e+6 
          19350      1.44425e+6 
          19450      1.36481e+6 
          19550      1.38893e+6 
          19650       1.3636e+6 
          19750      1.33757e+6 
          19850      1.31227e+6 
          19950       1.2875e+6 
          20050      1.26335e+6 
          20150      1.23971e+6 
          20250      1.21665e+6 
          20350      1.19408e+6 
          20450      1.17207e+6 
          20550      1.14999e+6 
          20650       1.1296e+6 
          20750      1.10903e+6 
          20850      1.08897e+6 
          20950      1.06924e+6 
          21050       1.0501e+6 
          21150      1.03067e+6 
          21250      1.01282e+6 
          21350          994675 
          21450          977314 
          21550          960073 
          21650          908947 
          21750          925693 
          21850          911084 
          21950          895297 
          22050          880143 
          22150          864997 
          22250          850313 
          22350          835935 
          22450          821851 
          22550          808058 
          22650          794549 
          22750          781322 
          22850          768365 
          22950          755747 
          23050          743389 
          23150          731215 
          23250          719364 
          23350          707687 
          23450          696253 
          23550          685053 
          23650          673951 
          23750          663219 
          23850          652588 
          23950          642101 
          24050          631477 
          24150          621071 
          24250          612851 
          24350          601869 
          24450          591850 
          24550          584814 
          24650          574046 
          24750          565277 
          24850          559883 
          24950          543287 
          25050          543215 
          25150          535240 
          25250          516722 
          25350          519028 
          25450          512153 
          25550          503789 
          25650          484012 
          25750          489504 
          25850          483008 
          25950          476331 
          26050          467104 
          26150          447467 
          26250          437586 
          26350          448238 
          26450          443066 
          26550          436645 
          26650          429657 
          26750          408449 
          26850          417422 
          26950          412251 
          27050          406411 
          27150          400685 
          27250          395043 
          27350          389505 
          27450          383917 
          27550          366038 
          27650          370259 
          27750          368304 
          27850          363235 
          27950          358249 
          28050          353347 
          28150          348518 
          28250          343769 
          28350          339077 
          28450          334547 
          28550          330057 
          28650          324229 
          28750          309341 
          28850          316785 
          28950          312666 
          29050          308669 
          29150          304556 
          29250          300593 
          29350          296636 
          29450          292774 
          29550          288980 
          29650          285229 
          29750          281540 
          29850          277915 
          29950          274345 
          30050          270828 
          30150          267372 
          30250          263924 
          30350          252961 
          30450          254061 
          30550          253982 
          30650          250896 
          30750          247745 
          30850          244475 
          30950          241612 
          31050          238616 
          31150          235665 
          31250          232748 
          31350          229901 
          31450          227070 
          31550          224304 
          31650          221558 
          31750          218879 
          31850          216236 
          31950          213623 
          32100          209785 
          32300          204797 
          32500          199955 
          32700          195251 
          32900          186314 
          33100          185461 
          33300          181678 
          33500          177541 
          33700          173483 
          33900          169567 
          34100          165753 
          34300          162039 
          34500          158440 
          34700          154923 
          34900          151492 
          35100          148187 
          35300          144955 
          35500          141769 
          35700          138654 
          35900          135900 
          36100          132699 
          36300          130220 
          36500          127032 
          36700          124851 
          36900          121565 
          37100          119680 
          37300          116321 
          37500          112354 
          37700          112508 
          37900          110270 
          38100          107280 
          38300          105377 
          38500          103926 
          38700          101836 
          38900         99671.4 
          39100         96271.8 
          39300         95903.9 
          39500         93998.4 
          39700         92205.1 
          39900         90407.5 
          40100         88039.2 
          40300         85780.2 
          40500         83559.4 
          40700         83654.4 
          40900         82083.8 
          41100         80535.3 
          41300         79017.2 
          41500           77529 
          41700         74449.6 
          41900         74654.6 
          42100         73311.5 
          42300         71967.3 
          42500         70651.2 
          42700         69364.8 
          42900         68105.4 
          43100         66880.7 
          43300         65679.4 
          43500         64505.4 
          43700         62062.1 
          43900         62045.3 
          44100           61137 
          44300           60064 
          44500         59013.5 
          44700           58038 
          44900         56976.5 
          45100         55994.3 
          45300         55025.4 
          45500         54091.6 
          45700           53170 
          45900         52267.9 
          46100         51380.8 
          46300         50491.6 
          46500         48512.7 
          46700         47655.9 
          46900         47959.3 
          47100         47237.1 
          47300         46464.5 
          47500         45695.3 
          47700         44956.9 
          47900         44224.2 
          48100         43507.1 
          48300         42810.1 
          48500         42111.8 
          48700         41487.1 
          48900         40790.7 
          49100         40174.6 
          49300         39499.2 
          49500         38954.4 
          49700         38234.3 
          49900         37737.9 
          50100         37123.6 
          50300         36456.6 
          50500         36013.5 
          50700         35451.4 
          50900         34764.5 
          51100         34279.5 
          51300         32980.8 
          51500           33262 
          51700         32659.7 
          51900         32335.9 
          52100         31856.2 
          52300           31379 
          52500           30860 
          52700         30262.8 
          52900         30003.5 
          53100         29561.4 
          53300         29127.8 
          53500         28701.1 
          53700         28131.1 
          53900         27733.4 
          54100         27468.2 
          54300           27072 
          54500         26683.4 
          54700         26301.1 
          54900         25926.1 
          55100         25511.1 
          55300         24893.3 
          55500         24838.9 
          55700         24489.7 
          55900         24147.2 
          56100         23808.9 
          56300         23478.4 
          56500           23152 
          56700         22831.9 
          56900         22508.8 
          57100         21834.9 
          57300         21881.3 
          57500         21606.2 
          57700         21311.9 
          57900         21023.3 
          58100         20739.3 
          58300         20459.8 
          58500         20213.4 
          58700         19940.3 
          58900         19612.9 
          59100         18878.5 
          59300         19101.7 
          59500         18526.6 
          59700         18540.1 
          59900           18406 
          60100         18173.1 
          60300         17936.7 
          60500           17703 
          60700         17474.1 
          60900         17248.8 
          61100         17027.1 
          61300         16808.9 
          61500         16594.2 
          61700         16382.8 
          61900         16174.9 
          62100         15970.3 
          62300         15768.9 
          62500         15570.7 
          62700           15346 
          62900         14794.4 
          63100         14945.8 
          63300         14806.4 
          63500         14623.5 
          63700         14443.7 
          63900         14265.7 
          64200         14003.8 
          64600         13664.9 
          65000         13335.8 
          65400         13016.4 
          65800         12705.5 
          66200         12400.3 
          66600         12112.5 
          67000         11828.1 
          67400           11538 
          67800         11117.9 
          68200         11012.2 
          68600         10774.5 
          69000         10530.4 
          69400         10272.5 
          69800         10060.8 
          70200         9835.59 
          70600          9617.1 
          71000         9381.26 
          71400         9196.64 
          71800         8995.81 
          72200         8800.29 
          72600         8580.63 
          73000         8421.11 
          73400         8244.26 
          73800         8068.67 
          74200         7892.97 
          74600         7598.03 
          75000          7339.7 
          75400         7397.89 
          75800          7258.4 
          76200         7108.41 
          76600         6962.47 
          77000         6820.43 
          77400         6681.56 
          77800         6491.05 
          78200         6414.96 
          78600         6287.01 
          79000         6161.93 
          79400         6039.65 
          79800         5920.69 
          80200         5804.31 
          80600         5690.99 
          81000          5580.4 
          81400          5419.2 
          81800         5354.89 
          82200         5264.27 
          82600         5163.93 
          83000         5065.86 
          83400         4970.17 
          83800         4876.69 
          84200         4785.47 
          84600         4696.31 
          85000         4609.19 
          85400         4524.14 
          85800         4440.95 
          86200         4359.67 
          86600         4216.76 
          87000         4199.52 
          87400         4087.25 
          87800         4015.15 
          88200         3980.25 
          88600         3907.85 
          89000         3840.07 
          89400         3772.32 
          89800            3706 
          90200         3641.07 
          90600         3574.37 
          91000         3515.58 
          91400         3454.84 
          91800         3395.45 
          92200         3337.23 
          92600         3273.13 
          93000         3224.63 
          93400         3170.07 
          93800         3065.47 
          94200          3056.8 
          94600         3013.21 
          95000         2959.24 
          95400         2908.24 
          95800         2865.94 
          96200         2818.83 
          96600         2772.68 
          97000         2727.48 
          97400         2683.24 
          97800         2639.83 
          98200         2595.13 
          98600          2545.9 
          99000         2514.84 
          99400         2474.81 
          99800         2435.57 
         100200          2397.1 
         200000         151.182 
         400000         9.28853 
         600000         1.80778 
         800000        0.565295 
         1.0e+6         0.22935 
         1.2e+6        0.109728 
         1.4e+6       0.0588256 
         1.6e+6        0.034278 
