      0.10000000      0.51037000
      0.14125000      0.92923000
      0.19953000       1.4245000
      0.28184000       1.4106000
      0.39811000      0.95547000
      0.56234000      0.28261000
      0.79433000      0.11438000
      0.80000000      0.11315000
       1.1000000     0.087937000
       1.4000000     0.057039000
       1.7000000     0.031188000
       2.0000000     0.017071000
       2.3000000    0.0088881000
       2.6000000    0.0056538000
       2.9000000    0.0044074000
       3.2000000    0.0036542000
       3.5000000    0.0030741000
       3.8000000    0.0026260000
       4.1000000    0.0022993000
       4.4000000    0.0020776000
       4.7000000    0.0019694000
       5.0000000    0.0019168000
       5.3000000    0.0019250000
       5.6000000    0.0018756000
       5.9000000    0.0017968000
       6.2000000    0.0017079000
       6.5000000    0.0016664000
       6.8000000    0.0016888000
       7.1000000    0.0017047000
       7.4000000    0.0018266000
       7.7000000    0.0017231000
       8.0000000    0.0029752000
       8.3000000    0.0078303000
       8.6000000     0.022711000
       8.9000000     0.046979000
       9.2000000     0.080264000
       9.5000000      0.10764000
       9.8000000      0.11759000
       10.100000      0.10990000
       10.400000     0.096564000
       10.700000     0.080931000
       11.000000     0.065998000
       11.300000     0.053339000
       11.600000     0.040944000
       11.900000     0.030184000
       12.200000     0.022311000
       12.500000     0.017024000
       12.800000     0.014939000
       13.100000     0.015056000
       13.400000     0.016943000
       13.700000     0.019362000
       14.000000     0.021744000
       14.300000     0.023686000
       14.600000     0.025603000
       14.900000     0.028350000
       15.200000     0.033946000
       15.500000     0.041232000
       15.800000     0.050105000
       16.100000     0.058839000
       16.400000     0.066210000
       16.700000     0.070800000
       17.000000     0.072961000
       17.300000     0.072934000
       17.600000     0.071229000
       17.900000     0.068398000
       18.200000     0.064810000
       18.500000     0.061309000
       18.800000     0.058182000
       19.100000     0.055162000
       19.400000     0.052349000
       19.700000     0.049908000
       20.000000     0.047692000
       20.300000     0.045524000
       20.600000     0.043619000
       20.900000     0.041948000
       21.200000     0.040588000
       21.500000     0.039368000
       21.800000     0.038214000
       22.100000     0.037136000
       22.400000     0.036124000
       22.700000     0.035133000
       23.000000     0.034161000
       23.300000     0.033294000
       23.600000     0.032368000
       23.900000     0.031393000
       24.200000     0.030311000
       24.500000     0.029229000
       24.800000     0.028192000
       25.100000     0.027198000
       25.400000     0.026245000
       25.700000     0.025328000
       26.000000     0.024445000
       26.300000     0.023620000
       26.600000     0.022804000
       26.900000     0.021997000
       27.200000     0.021164000
       27.500000     0.020358000
       27.800000     0.019601000
       28.100000     0.018900000
       28.400000     0.018246000
       28.700000     0.017610000
       29.000000     0.016988000
       29.300000     0.016344000
       29.600000     0.015741000
       29.900000     0.015175000
       30.200000     0.014646000
       30.500000     0.014149000
       30.800000     0.013679000
       31.100000     0.013236000
       31.400000     0.012818000
       31.700000     0.012424000
       32.000000     0.012053000
       32.300000     0.011711000
       32.600000     0.011387000
       32.900000     0.011079000
       33.200000     0.010788000
       33.500000     0.010512000
       33.800000     0.010251000
       34.100000     0.010015000
       34.400000    0.0098069000
       34.700000    0.0096013000
       35.000000    0.0093979000
       35.300000    0.0091969000
       35.600000    0.0089984000
       35.900000    0.0088027000
       36.200000    0.0085988000
       36.500000    0.0083977000
       36.800000    0.0082055000
       37.100000    0.0080218000
       37.400000    0.0078461000
       37.700000    0.0076780000
       38.000000    0.0075173000
       38.300000    0.0073668000
       38.600000    0.0072215000
       38.900000    0.0070813000
       39.200000    0.0069460000
       39.500000    0.0068158000
       39.800000    0.0066905000
       55.100000    0.0033787000
       55.400000    0.0033427000
       55.700000    0.0033071000
       56.000000    0.0032718000
       56.300000    0.0032369000
       56.600000    0.0032023000
       56.900000    0.0031681000
       57.200000    0.0031342000
       57.500000    0.0031006000
       57.800000    0.0030673000
       58.100000    0.0030344000
       58.400000    0.0030017000
       58.700000    0.0029693000
       59.000000    0.0029373000
       59.300000    0.0029055000
       59.600000    0.0028740000
       59.900000    0.0028428000
       60.200000    0.0028096000
       60.500000    0.0027759000
       60.800000    0.0027429000
       61.100000    0.0027106000
       61.400000    0.0026790000
       61.700000    0.0026481000
       62.000000    0.0026179000
       62.300000    0.0025883000
       62.600000    0.0025594000
       62.900000    0.0025311000
       63.200000    0.0025035000
       63.500000    0.0024765000
       63.800000    0.0024501000
       64.100000    0.0024244000
       64.400000    0.0023992000
       64.700000    0.0023746000
       65.000000    0.0023507000
       65.300000    0.0023295000
       65.600000    0.0023085000
       65.900000    0.0022879000
       66.200000    0.0022675000
       66.500000    0.0022474000
       66.800000    0.0022275000
       67.100000    0.0022079000
       67.400000    0.0021885000
       67.700000    0.0021694000
       68.000000    0.0021506000
       68.300000    0.0021319000
       68.600000    0.0021136000
       68.900000    0.0020954000
       69.200000    0.0020775000
       69.500000    0.0020598000
       69.800000    0.0020424000
       70.100000    0.0020252000
       70.400000    0.0020082000
       70.700000    0.0019915000
       71.000000    0.0019750000
       71.300000    0.0019586000
       71.600000    0.0019425000
       71.900000    0.0019266000
       72.200000    0.0019109000
       72.500000    0.0018953000
       72.800000    0.0018800000
       73.100000    0.0018648000
       73.400000    0.0018498000
       73.700000    0.0018350000
       74.000000    0.0018204000
       74.300000    0.0018060000
       74.600000    0.0017917000
       74.900000    0.0017776000
       75.200000    0.0017639000
       75.500000    0.0017503000
       75.800000    0.0017369000
       76.100000    0.0017237000
       76.400000    0.0017105000
       76.700000    0.0016975000
       77.000000    0.0016847000
       77.300000    0.0016719000
       77.600000    0.0016593000
       77.900000    0.0016469000
       78.200000    0.0016345000
       78.500000    0.0016223000
       78.800000    0.0016102000
       79.100000    0.0015982000
       79.400000    0.0015864000
       79.700000    0.0015747000
       80.000000    0.0015630000
       80.300000    0.0015522000
       80.600000    0.0015414000
       80.900000    0.0015307000
       81.200000    0.0015201000
       81.500000    0.0015096000
       81.800000    0.0014992000
       82.100000    0.0014888000
       82.400000    0.0014786000
       82.700000    0.0014684000
       83.000000    0.0014584000
       83.300000    0.0014484000
       83.600000    0.0014385000
       83.900000    0.0014286000
       84.200000    0.0014189000
       84.500000    0.0014092000
       84.800000    0.0013997000
       85.100000    0.0013902000
       85.400000    0.0013807000
       85.700000    0.0013714000
       86.000000    0.0013621000
       86.300000    0.0013529000
       86.600000    0.0013438000
       86.900000    0.0013348000
       87.200000    0.0013258000
       87.500000    0.0013169000
       87.800000    0.0013081000
       88.100000    0.0012994000
       88.400000    0.0012907000
       88.700000    0.0012821000
       89.000000    0.0012735000
       89.300000    0.0012651000
       89.600000    0.0012567000
       89.900000    0.0012483000
       90.200000    0.0012401000
       90.500000    0.0012319000
       90.800000    0.0012237000
       91.100000    0.0012157000
       91.400000    0.0012077000
       91.700000    0.0011997000
       92.000000    0.0011919000
       92.300000    0.0011840000
       92.600000    0.0011763000
       92.900000    0.0011686000
       93.200000    0.0011610000
       93.500000    0.0011534000
       93.800000    0.0011459000
       94.100000    0.0011384000
       94.400000    0.0011310000
       94.700000    0.0011237000
       95.000000    0.0011164000
       95.300000    0.0011092000
       95.600000    0.0011020000
       95.900000    0.0010949000
       96.200000    0.0010879000
       96.500000    0.0010809000
       96.800000    0.0010739000
       97.100000    0.0010670000
       97.400000    0.0010602000
       97.700000    0.0010534000
       98.000000    0.0010467000
       98.300000    0.0010400000
       98.600000    0.0010333000
       98.900000    0.0010268000
       99.200000    0.0010202000
       99.500000    0.0010138000
       99.800000    0.0010073000
       100.10000    0.0010015000
       100.40000   0.00099672000
       100.70000   0.00099200000
       101.00000   0.00098730000
       101.30000   0.00098264000
       101.60000   0.00097800000
       101.90000   0.00097339000
       102.20000   0.00096881000
       102.50000   0.00096426000
       102.80000   0.00095974000
       103.10000   0.00095524000
       103.40000   0.00095077000
       103.70000   0.00094633000
       104.00000   0.00094192000
       104.30000   0.00093754000
       104.60000   0.00093318000
       104.90000   0.00092884000
       105.20000   0.00092454000
       105.50000   0.00092026000
       105.80000   0.00091600000
       106.10000   0.00091177000
       106.40000   0.00090757000
       106.70000   0.00090339000
       107.00000   0.00089923000
       107.30000   0.00089511000
       107.60000   0.00089100000
       107.90000   0.00088692000
       108.20000   0.00088286000
       108.50000   0.00087883000
       108.80000   0.00087482000
       109.10000   0.00087084000
       109.40000   0.00086688000
       109.70000   0.00086294000
       110.00000   0.00085902000
       110.30000   0.00085513000
       110.60000   0.00085126000
       110.90000   0.00084741000
       111.20000   0.00084359000
       111.50000   0.00083978000
       111.80000   0.00083600000
       112.10000   0.00083224000
       112.40000   0.00082850000
       112.70000   0.00082478000
       113.00000   0.00082109000
       113.30000   0.00081741000
       113.60000   0.00081376000
       113.90000   0.00081013000
       114.20000   0.00080651000
       114.50000   0.00080292000
       114.80000   0.00079935000
       115.10000   0.00079579000
       115.40000   0.00079226000
       115.70000   0.00078875000
       116.00000   0.00078526000
       116.30000   0.00078178000
       116.60000   0.00077833000
       116.90000   0.00077489000
       117.20000   0.00077148000
       117.50000   0.00076808000
       117.80000   0.00076470000
       118.10000   0.00076134000
       118.40000   0.00075800000
       118.70000   0.00075467000
       119.00000   0.00075137000
       119.30000   0.00074808000
       119.60000   0.00074481000
       119.90000   0.00074156000
       120.20000   0.00073832000
       120.50000   0.00073511000
       120.80000   0.00073191000
       121.10000   0.00072873000
       121.40000   0.00072556000
       121.70000   0.00072241000
       122.00000   0.00071928000
       122.30000   0.00071617000
       122.60000   0.00071307000
       122.90000   0.00070999000
       123.20000   0.00070692000
       123.50000   0.00070387000
       123.80000   0.00070084000
       124.10000   0.00069782000
       124.40000   0.00069482000
       124.70000   0.00069183000
       125.00000   0.00068886000
       125.30000   0.00068591000
       125.60000   0.00068297000
       125.90000   0.00068005000
       126.20000   0.00067714000
       126.50000   0.00067425000
       126.80000   0.00067137000
       127.10000   0.00066850000
       127.40000   0.00066566000
       127.70000   0.00066282000
       128.00000   0.00066000000
       128.30000   0.00065720000
       128.60000   0.00065441000
       128.90000   0.00065163000
       129.20000   0.00064887000
       129.50000   0.00064612000
       129.80000   0.00064339000
       130.10000   0.00064067000
       130.40000   0.00063796000
       130.70000   0.00063527000
       131.00000   0.00063259000
       131.30000   0.00062992000
       131.60000   0.00062727000
       131.90000   0.00062463000
       132.20000   0.00062201000
       132.50000   0.00061940000
       132.80000   0.00061680000
       133.10000   0.00061421000
       133.40000   0.00061164000
       133.70000   0.00060908000
       134.00000   0.00060653000
       134.30000   0.00060399000
       134.60000   0.00060147000
       134.90000   0.00059896000
       135.20000   0.00059646000
       135.50000   0.00059398000
       135.80000   0.00059150000
       136.10000   0.00058904000
       136.40000   0.00058659000
       136.70000   0.00058416000
       137.00000   0.00058173000
       137.30000   0.00057932000
       137.60000   0.00057692000
       137.90000   0.00057453000
       138.20000   0.00057215000
       138.50000   0.00056978000
       138.80000   0.00056742000
       139.10000   0.00056508000
       139.40000   0.00056275000
       139.70000   0.00056043000
       140.00000   0.00055811000
       140.30000   0.00055582000
       140.60000   0.00055353000
       140.90000   0.00055125000
       141.20000   0.00054898000
       141.50000   0.00054673000
       141.80000   0.00054448000
       142.10000   0.00054225000
       142.40000   0.00054002000
       142.70000   0.00053781000
       143.00000   0.00053561000
       143.30000   0.00053342000
       143.60000   0.00053123000
       143.90000   0.00052906000
       144.20000   0.00052690000
       144.50000   0.00052475000
       144.80000   0.00052261000
       145.10000   0.00052048000
       145.40000   0.00051835000
       145.70000   0.00051624000
       146.00000   0.00051414000
       146.30000   0.00051205000
       146.60000   0.00050997000
       146.90000   0.00050789000
       147.20000   0.00050583000
       147.50000   0.00050378000
       147.80000   0.00050173000
       148.10000   0.00049970000
       148.40000   0.00049767000
       148.70000   0.00049566000
       149.00000   0.00049365000
       149.30000   0.00049166000
       149.60000   0.00048967000
       149.90000   0.00048769000
       150.20000   0.00048572000
       150.50000   0.00048376000
       150.80000   0.00048180000
       151.10000   0.00047986000
       151.40000   0.00047793000
       151.70000   0.00047600000
       152.00000   0.00047408000
       152.30000   0.00047218000
       152.60000   0.00047028000
       152.90000   0.00046839000
       153.20000   0.00046650000
       153.50000   0.00046463000
       153.80000   0.00046276000
       154.10000   0.00046091000
       154.40000   0.00045906000
       154.70000   0.00045722000
       155.00000   0.00045538000
       155.30000   0.00045356000
       155.60000   0.00045174000
       155.90000   0.00044993000
       156.20000   0.00044813000
       156.50000   0.00044634000
       156.80000   0.00044456000
       157.10000   0.00044278000
       157.40000   0.00044101000
       157.70000   0.00043925000
       158.00000   0.00043750000
       158.30000   0.00043576000
       158.60000   0.00043402000
       158.90000   0.00043229000
       159.20000   0.00043057000
       159.50000   0.00042885000
       159.80000   0.00042715000
       160.10000   0.00042545000
       160.40000   0.00042375000
       160.70000   0.00042207000
       161.00000   0.00042039000
       161.30000   0.00041872000
       161.60000   0.00041706000
       161.90000   0.00041540000
       162.20000   0.00041375000
       162.50000   0.00041211000
       162.80000   0.00041048000
       163.10000   0.00040885000
       163.40000   0.00040723000
       163.70000   0.00040562000
       164.00000   0.00040401000
       164.30000   0.00040241000
       164.60000   0.00040082000
       164.90000   0.00039924000
       165.20000   0.00039766000
       165.50000   0.00039608000
       165.80000   0.00039452000
       166.10000   0.00039296000
       166.40000   0.00039141000
       166.70000   0.00038986000
       167.00000   0.00038833000
       167.30000   0.00038679000
       167.60000   0.00038527000
       167.90000   0.00038375000
       168.20000   0.00038224000
       168.50000   0.00038073000
       168.80000   0.00037923000
       169.10000   0.00037774000
       169.40000   0.00037625000
       169.70000   0.00037477000
       170.00000   0.00037329000
       170.30000   0.00037182000
       170.60000   0.00037036000
       170.90000   0.00036891000
       171.20000   0.00036746000
       171.50000   0.00036601000
       171.80000   0.00036457000
       172.10000   0.00036314000
       172.40000   0.00036172000
       172.70000   0.00036030000
       173.00000   0.00035888000
       173.30000   0.00035747000
       173.60000   0.00035607000
       173.90000   0.00035468000
       174.20000   0.00035328000
       174.50000   0.00035190000
       174.80000   0.00035052000
       175.10000   0.00034915000
       175.40000   0.00034778000
       175.70000   0.00034642000
       176.00000   0.00034506000
       176.30000   0.00034371000
       176.60000   0.00034237000
       176.90000   0.00034103000
       177.20000   0.00033969000
       177.50000   0.00033836000
       177.80000   0.00033704000
       178.10000   0.00033572000
       178.40000   0.00033441000
       178.70000   0.00033310000
       179.00000   0.00033180000
       179.30000   0.00033050000
       179.60000   0.00032921000
       179.90000   0.00032793000
       180.20000   0.00032665000
       180.50000   0.00032537000
       180.80000   0.00032410000
       181.10000   0.00032284000
       181.40000   0.00032158000
       181.70000   0.00032032000
       182.00000   0.00031907000
       182.30000   0.00031783000
       182.60000   0.00031659000
       182.90000   0.00031536000
       183.20000   0.00031413000
       183.50000   0.00031290000
       183.80000   0.00031168000
       184.10000   0.00031047000
       184.40000   0.00030926000
       184.70000   0.00030805000
       185.00000   0.00030685000
       185.30000   0.00030566000
       185.60000   0.00030447000
       185.90000   0.00030328000
       186.20000   0.00030210000
       186.50000   0.00030093000
       186.80000   0.00029975000
       187.10000   0.00029859000
       187.40000   0.00029743000
       187.70000   0.00029627000
       188.00000   0.00029512000
       188.30000   0.00029397000
       188.60000   0.00029282000
       188.90000   0.00029169000
       189.20000   0.00029055000
       189.50000   0.00028942000
       189.80000   0.00028830000
       190.10000   0.00028718000
       190.40000   0.00028606000
       190.70000   0.00028495000
       191.00000   0.00028384000
       191.30000   0.00028274000
       191.60000   0.00028164000
       191.90000   0.00028054000
       192.20000   0.00027945000
       192.50000   0.00027837000
       192.80000   0.00027729000
       193.10000   0.00027621000
       193.40000   0.00027514000
       193.70000   0.00027407000
       194.00000   0.00027300000
       194.30000   0.00027194000
       194.60000   0.00027089000
       194.90000   0.00026983000
       195.20000   0.00026879000
       195.50000   0.00026774000
       195.80000   0.00026670000
       196.10000   0.00026567000
       196.40000   0.00026464000
       196.70000   0.00026361000
       197.00000   0.00026258000
       197.30000   0.00026156000
       197.60000   0.00026055000
       197.90000   0.00025954000
       198.20000   0.00025853000
       198.50000   0.00025753000
       198.80000   0.00025653000
       199.10000   0.00025553000
       199.40000   0.00025454000
       199.70000   0.00025355000
       200.00000   0.00025257000
       282.51000   8.5223000e-05
       399.05000   2.5205000e-05
       563.68000   1.7844000e-05
       796.21000   1.2632000e-05
       1124.7000   8.9429000e-06
       1588.7000   6.3311000e-06
       2000.0000   5.0290000e-06
